num_spheres=89,sphere_radius=0.1138,best_known_diameter=0.22753939547,num_samples=1000,dt=0.03,max_iter=2500,tol=1e-09,boundary_mode=stophit
################################################################################
sample_index,min_distance,avg_distance,excess
0,0.214117,0.624858,0.013422
1,0.212472,0.614433,0.015068
2,0.207866,0.619060,0.019673
3,0.205423,0.621501,0.022116
4,0.213086,0.624280,0.014454
5,0.210144,0.622020,0.017396
6,0.211101,0.617315,0.016438
7,0.207527,0.621762,0.020012
8,0.209403,0.619144,0.018136
9,0.209556,0.619476,0.017983
10,0.210018,0.621617,0.017521
11,0.210367,0.619626,0.017172
12,0.201840,0.618271,0.025700
13,0.200859,0.624989,0.026680
14,0.215891,0.619708,0.011648
15,0.212493,0.621018,0.015046
16,0.209283,0.615838,0.018257
17,0.209335,0.619692,0.018204
18,0.203239,0.617702,0.024301
19,0.207926,0.621740,0.019613
20,0.211166,0.619851,0.016374
21,0.212891,0.613973,0.014649
22,0.212098,0.618126,0.015442
23,0.208379,0.622000,0.019161
24,0.208376,0.624043,0.019163
25,0.212296,0.620578,0.015244
26,0.209984,0.615750,0.017556
27,0.219120,0.619865,0.008420
28,0.209169,0.625325,0.018370
29,0.212925,0.625169,0.014614
30,0.209176,0.622860,0.018364
31,0.211598,0.620311,0.015941
32,0.210990,0.622100,0.016549
33,0.210709,0.618689,0.016830
34,0.211835,0.622303,0.015705
35,0.213788,0.621402,0.013752
36,0.206385,0.617992,0.021154
37,0.216595,0.622502,0.010944
38,0.207443,0.621437,0.020097
39,0.211262,0.620578,0.016277
40,0.209055,0.618787,0.018485
41,0.208430,0.621936,0.019109
42,0.213145,0.619758,0.014395
43,0.192386,0.624813,0.035154
44,0.209348,0.621340,0.018191
45,0.213564,0.618055,0.013975
46,0.213037,0.619257,0.014502
47,0.209136,0.621502,0.018403
48,0.205637,0.625622,0.021902
49,0.213670,0.615468,0.013869
50,0.210286,0.619760,0.017253
51,0.209801,0.619901,0.017738
52,0.209272,0.617753,0.018268
53,0.213248,0.617951,0.014292
54,0.206200,0.621483,0.021339
55,0.207584,0.618305,0.019955
56,0.200412,0.626924,0.027127
57,0.209912,0.620096,0.017627
58,0.207747,0.621600,0.019792
59,0.215410,0.623432,0.012129
60,0.213464,0.619225,0.014076
61,0.214367,0.619441,0.013172
62,0.210100,0.617067,0.017440
63,0.217285,0.618038,0.010254
64,0.206184,0.621630,0.021355
65,0.212773,0.617971,0.014766
66,0.209755,0.621703,0.017785
67,0.208131,0.622750,0.019409
68,0.214597,0.618548,0.012942
69,0.191887,0.627107,0.035653
70,0.212615,0.621189,0.014924
71,0.212381,0.624791,0.015159
72,0.213992,0.625349,0.013548
73,0.211547,0.618788,0.015992
74,0.212687,0.619072,0.014852
75,0.212556,0.623605,0.014984
76,0.211380,0.618674,0.016160
77,0.211472,0.617854,0.016067
78,0.211882,0.623830,0.015658
79,0.211286,0.619916,0.016254
80,0.210504,0.619584,0.017035
81,0.213261,0.621346,0.014279
82,0.211625,0.623011,0.015914
83,0.212097,0.624281,0.015442
84,0.204463,0.620042,0.023076
85,0.210549,0.623293,0.016990
86,0.210717,0.622537,0.016822
87,0.209326,0.619968,0.018213
88,0.209808,0.620511,0.017732
89,0.213104,0.618608,0.014435
90,0.212332,0.619053,0.015207
91,0.208917,0.620709,0.018623
92,0.206128,0.622881,0.021411
93,0.214638,0.622086,0.012901
94,0.211642,0.615359,0.015897
95,0.211105,0.626591,0.016434
96,0.212569,0.621039,0.014971
97,0.206732,0.616155,0.020808
98,0.211670,0.619463,0.015870
99,0.211713,0.618898,0.015826
100,0.210849,0.623342,0.016691
101,0.215489,0.621846,0.012051
102,0.215588,0.622587,0.011951
103,0.210889,0.624682,0.016650
104,0.213333,0.623571,0.014206
105,0.204948,0.623527,0.022591
106,0.210853,0.616965,0.016686
107,0.212436,0.626023,0.015104
108,0.213375,0.620361,0.014164
109,0.214044,0.622043,0.013495
110,0.207534,0.616669,0.020005
111,0.210454,0.620218,0.017086
112,0.207362,0.619490,0.020178
113,0.211347,0.618827,0.016192
114,0.205565,0.620625,0.021974
115,0.210479,0.617427,0.017061
116,0.210006,0.618327,0.017534
117,0.211901,0.620699,0.015638
118,0.212795,0.618436,0.014744
119,0.213094,0.621912,0.014446
120,0.210725,0.620080,0.016815
121,0.212706,0.614643,0.014834
122,0.210094,0.616539,0.017445
123,0.212970,0.621695,0.014569
124,0.213293,0.622206,0.014246
125,0.215339,0.621693,0.012200
126,0.210780,0.622258,0.016760
127,0.210373,0.621597,0.017167
128,0.213903,0.618250,0.013637
129,0.205106,0.619640,0.022433
130,0.208385,0.620664,0.019155
131,0.205256,0.621551,0.022284
132,0.211079,0.622811,0.016461
133,0.213966,0.620490,0.013573
134,0.211544,0.619912,0.015995
135,0.215797,0.620868,0.011743
136,0.206979,0.613747,0.020560
137,0.214039,0.623733,0.013501
138,0.206100,0.620726,0.021439
139,0.203322,0.621765,0.024218
140,0.209740,0.619859,0.017800
141,0.212420,0.617245,0.015120
142,0.204734,0.620715,0.022806
143,0.214827,0.622389,0.012713
144,0.212931,0.619095,0.014608
145,0.204869,0.620250,0.022670
146,0.207862,0.615341,0.019678
147,0.215667,0.617471,0.011873
148,0.209325,0.620771,0.018214
149,0.212425,0.617573,0.015114
150,0.207371,0.621387,0.020168
151,0.211923,0.618865,0.015616
152,0.211483,0.615858,0.016056
153,0.216046,0.622409,0.011493
154,0.210099,0.617898,0.017441
155,0.210199,0.622733,0.017341
156,0.214824,0.621517,0.012716
157,0.199820,0.617548,0.027720
158,0.214667,0.619745,0.012873
159,0.212120,0.623125,0.015419
160,0.212721,0.614633,0.014819
161,0.216677,0.621012,0.010862
162,0.215204,0.624233,0.012336
163,0.213233,0.620192,0.014306
164,0.210006,0.616584,0.017533
165,0.205390,0.621943,0.022149
166,0.202708,0.620615,0.024831
167,0.212972,0.620319,0.014568
168,0.209983,0.620773,0.017556
169,0.218581,0.621950,0.008958
170,0.209541,0.624120,0.017999
171,0.216288,0.621645,0.011252
172,0.212275,0.622381,0.015264
173,0.208410,0.616553,0.019129
174,0.211139,0.618890,0.016400
175,0.204756,0.621430,0.022783
176,0.212826,0.623774,0.014713
177,0.211749,0.617213,0.015791
178,0.202230,0.621188,0.025309
179,0.212258,0.621830,0.015281
180,0.212154,0.620863,0.015386
181,0.219403,0.616676,0.008136
182,0.209327,0.623900,0.018212
183,0.213444,0.622338,0.014096
184,0.210308,0.619567,0.017231
185,0.213156,0.617881,0.014383
186,0.204704,0.621080,0.022835
187,0.206363,0.620467,0.021177
188,0.209595,0.620739,0.017945
189,0.211301,0.622129,0.016238
190,0.207940,0.621066,0.019599
191,0.212704,0.620315,0.014836
192,0.204508,0.623324,0.023031
193,0.213158,0.624113,0.014381
194,0.212333,0.619545,0.015206
195,0.208690,0.620198,0.018850
196,0.212077,0.620381,0.015463
197,0.208074,0.621643,0.019466
198,0.209691,0.620491,0.017849
199,0.209203,0.622457,0.018337
200,0.212162,0.623154,0.015378
201,0.207209,0.623498,0.020330
202,0.207048,0.619476,0.020491
203,0.209438,0.625228,0.018101
204,0.214037,0.619019,0.013503
205,0.213531,0.623987,0.014008
206,0.216524,0.617852,0.011015
207,0.192829,0.628221,0.034710
208,0.208904,0.624206,0.018635
209,0.215706,0.618551,0.011833
210,0.206294,0.622419,0.021246
211,0.208760,0.620408,0.018779
212,0.212678,0.621252,0.014861
213,0.206371,0.623368,0.021169
214,0.213666,0.620113,0.013874
215,0.211292,0.621512,0.016247
216,0.210621,0.616582,0.016919
217,0.214815,0.620740,0.012724
218,0.209344,0.622540,0.018195
219,0.214395,0.617818,0.013144
220,0.214350,0.620086,0.013190
221,0.212985,0.615773,0.014554
222,0.208602,0.620865,0.018938
223,0.208329,0.617798,0.019210
224,0.215032,0.621281,0.012507
225,0.211635,0.623220,0.015904
226,0.210056,0.620848,0.017483
227,0.208544,0.619321,0.018996
228,0.211617,0.615308,0.015922
229,0.215055,0.622297,0.012484
230,0.211707,0.616893,0.015832
231,0.214318,0.619277,0.013221
232,0.211466,0.622054,0.016073
233,0.204974,0.619842,0.022566
234,0.211128,0.616704,0.016412
235,0.209837,0.620024,0.017702
236,0.214245,0.620032,0.013295
237,0.211799,0.623924,0.015740
238,0.210950,0.618542,0.016590
239,0.191189,0.622237,0.036351
240,0.205513,0.615196,0.022026
241,0.213604,0.616797,0.013935
242,0.207325,0.621754,0.020214
243,0.213076,0.620339,0.014463
244,0.208230,0.618373,0.019310
245,0.206895,0.620810,0.020645
246,0.208533,0.615678,0.019006
247,0.215895,0.619696,0.011645
248,0.207724,0.617573,0.019815
249,0.209881,0.621825,0.017658
250,0.211560,0.622434,0.015979
251,0.215345,0.623701,0.012194
252,0.211419,0.624190,0.016121
253,0.213183,0.617441,0.014356
254,0.205627,0.619299,0.021912
255,0.209725,0.618444,0.017815
256,0.209670,0.617460,0.017869
257,0.206657,0.620560,0.020882
258,0.207902,0.618358,0.019637
259,0.208756,0.623881,0.018783
260,0.208723,0.617514,0.018817
261,0.206207,0.623180,0.021333
262,0.213649,0.624262,0.013890
263,0.206813,0.618096,0.020726
264,0.209992,0.620902,0.017547
265,0.205745,0.617926,0.021794
266,0.210268,0.620254,0.017272
267,0.211692,0.621999,0.015848
268,0.209523,0.616562,0.018017
269,0.214291,0.624196,0.013248
270,0.210752,0.625377,0.016788
271,0.210499,0.622373,0.017040
272,0.213070,0.624992,0.014470
273,0.215223,0.622774,0.012317
274,0.210996,0.618424,0.016544
275,0.203865,0.621879,0.023674
276,0.215793,0.623136,0.011746
277,0.209415,0.619431,0.018125
278,0.214610,0.620249,0.012929
279,0.215202,0.623177,0.012337
280,0.211223,0.622570,0.016316
281,0.206772,0.624799,0.020767
282,0.212934,0.616282,0.014606
283,0.213272,0.619875,0.014267
284,0.207624,0.619873,0.019915
285,0.208101,0.622415,0.019439
286,0.210711,0.623745,0.016828
287,0.208034,0.622069,0.019505
288,0.209877,0.618177,0.017662
289,0.209445,0.616453,0.018094
290,0.208616,0.619226,0.018924
291,0.212144,0.619860,0.015395
292,0.206102,0.622838,0.021437
293,0.209628,0.615767,0.017912
294,0.210216,0.617436,0.017324
295,0.209840,0.621884,0.017700
296,0.215594,0.626125,0.011945
297,0.212820,0.619570,0.014720
298,0.207980,0.621831,0.019559
299,0.211266,0.619827,0.016273
300,0.208504,0.620109,0.019036
301,0.212057,0.620273,0.015482
302,0.211264,0.619247,0.016275
303,0.213278,0.626429,0.014261
304,0.211266,0.616207,0.016274
305,0.211908,0.623937,0.015631
306,0.210874,0.625014,0.016665
307,0.210867,0.619242,0.016672
308,0.211450,0.619321,0.016090
309,0.211984,0.617510,0.015556
310,0.211349,0.620526,0.016190
311,0.203998,0.621408,0.023541
312,0.208296,0.619108,0.019244
313,0.207998,0.622615,0.019541
314,0.214608,0.625414,0.012931
315,0.210863,0.624141,0.016677
316,0.211439,0.619788,0.016101
317,0.212637,0.624294,0.014902
318,0.208130,0.620314,0.019409
319,0.212861,0.621446,0.014678
320,0.209189,0.621416,0.018350
321,0.211244,0.616129,0.016295
322,0.213739,0.621975,0.013800
323,0.207231,0.619867,0.020309
324,0.211565,0.620970,0.015974
325,0.207496,0.614244,0.020044
326,0.214338,0.623614,0.013201
327,0.200052,0.625766,0.027488
328,0.209963,0.621949,0.017576
329,0.205458,0.619191,0.022082
330,0.206319,0.620821,0.021221
331,0.209296,0.621095,0.018244
332,0.207530,0.620832,0.020009
333,0.210141,0.624174,0.017398
334,0.214102,0.619173,0.013437
335,0.209551,0.621941,0.017988
336,0.213503,0.623871,0.014037
337,0.206855,0.619461,0.020685
338,0.206295,0.622492,0.021244
339,0.212993,0.620183,0.014547
340,0.210627,0.618283,0.016912
341,0.209826,0.614465,0.017713
342,0.210330,0.621267,0.017209
343,0.209228,0.621886,0.018311
344,0.215628,0.619438,0.011911
345,0.214819,0.617087,0.012720
346,0.210698,0.626275,0.016841
347,0.210861,0.620774,0.016679
348,0.211899,0.617652,0.015640
349,0.214391,0.620525,0.013148
350,0.210399,0.615087,0.017140
351,0.213744,0.621617,0.013796
352,0.208162,0.621488,0.019378
353,0.210357,0.621290,0.017182
354,0.207560,0.620684,0.019980
355,0.212955,0.622757,0.014585
356,0.212988,0.622719,0.014552
357,0.214816,0.622544,0.012724
358,0.216352,0.621604,0.011188
359,0.207882,0.621551,0.019658
360,0.209169,0.619699,0.018371
361,0.212567,0.618799,0.014972
362,0.213531,0.622162,0.014009
363,0.212214,0.618104,0.015325
364,0.212107,0.618631,0.015432
365,0.214090,0.619577,0.013450
366,0.210058,0.617400,0.017482
367,0.209777,0.619915,0.017763
368,0.212368,0.619798,0.015171
369,0.213181,0.616096,0.014359
370,0.201917,0.625033,0.025622
371,0.208618,0.620147,0.018922
372,0.209960,0.620398,0.017580
373,0.214360,0.620900,0.013179
374,0.210716,0.623747,0.016824
375,0.213389,0.620199,0.014151
376,0.208370,0.624716,0.019169
377,0.211390,0.619384,0.016150
378,0.211990,0.625535,0.015549
379,0.212519,0.619957,0.015020
380,0.213810,0.618023,0.013730
381,0.207798,0.624091,0.019741
382,0.210187,0.622134,0.017352
383,0.217052,0.619319,0.010488
384,0.216234,0.620270,0.011306
385,0.212566,0.622478,0.014973
386,0.216446,0.621025,0.011093
387,0.215555,0.624640,0.011984
388,0.212695,0.628550,0.014845
389,0.213990,0.622563,0.013549
390,0.210460,0.619123,0.017079
391,0.214247,0.622084,0.013293
392,0.207806,0.617401,0.019734
393,0.205731,0.620376,0.021809
394,0.211746,0.617250,0.015794
395,0.211262,0.618928,0.016278
396,0.206360,0.615981,0.021179
397,0.215775,0.621215,0.011765
398,0.211442,0.621660,0.016097
399,0.214782,0.622511,0.012757
400,0.209352,0.621609,0.018187
401,0.210653,0.622910,0.016887
402,0.210576,0.620469,0.016964
403,0.208235,0.620574,0.019304
404,0.208460,0.620162,0.019080
405,0.210132,0.617261,0.017407
406,0.211379,0.621947,0.016160
407,0.207970,0.623974,0.019570
408,0.211428,0.620614,0.016111
409,0.208574,0.621612,0.018966
410,0.209238,0.619621,0.018301
411,0.208677,0.624914,0.018862
412,0.210233,0.618242,0.017307
413,0.212303,0.619168,0.015236
414,0.199346,0.620871,0.028194
415,0.211850,0.616114,0.015689
416,0.210534,0.623379,0.017006
417,0.211767,0.620934,0.015772
418,0.209685,0.619441,0.017854
419,0.213843,0.622751,0.013696
420,0.211268,0.620087,0.016271
421,0.213216,0.622552,0.014323
422,0.214892,0.621302,0.012647
423,0.214365,0.617533,0.013174
424,0.205328,0.620419,0.022211
425,0.210693,0.620633,0.016847
426,0.211768,0.620824,0.015772
427,0.210054,0.616561,0.017485
428,0.208071,0.624936,0.019469
429,0.200665,0.621672,0.026875
430,0.210816,0.622401,0.016723
431,0.210572,0.620938,0.016967
432,0.207005,0.621528,0.020534
433,0.210530,0.620269,0.017009
434,0.210308,0.625091,0.017231
435,0.213043,0.622578,0.014497
436,0.211288,0.621099,0.016252
437,0.211839,0.623195,0.015700
438,0.214084,0.619828,0.013455
439,0.206676,0.620918,0.020864
440,0.211029,0.622469,0.016511
441,0.210662,0.617426,0.016877
442,0.209171,0.617505,0.018369
443,0.205921,0.619569,0.021618
444,0.208995,0.619232,0.018545
445,0.210234,0.620258,0.017306
446,0.213048,0.621781,0.014492
447,0.209106,0.619182,0.018433
448,0.209903,0.620900,0.017637
449,0.211827,0.623935,0.015713
450,0.215744,0.620953,0.011796
451,0.215362,0.625045,0.012178
452,0.210861,0.617168,0.016678
453,0.206995,0.616061,0.020544
454,0.210449,0.621079,0.017090
455,0.211772,0.618468,0.015767
456,0.207897,0.621672,0.019643
457,0.208790,0.618676,0.018750
458,0.208633,0.622600,0.018907
459,0.216328,0.626034,0.011211
460,0.207552,0.616043,0.019987
461,0.210594,0.615881,0.016946
462,0.208414,0.623509,0.019125
463,0.213310,0.622912,0.014229
464,0.199758,0.621412,0.027781
465,0.211862,0.620850,0.015677
466,0.212193,0.616424,0.015347
467,0.209083,0.622791,0.018456
468,0.210243,0.618739,0.017297
469,0.212512,0.616902,0.015028
470,0.209555,0.619398,0.017985
471,0.209091,0.616809,0.018448
472,0.211971,0.621654,0.015568
473,0.213484,0.619331,0.014056
474,0.213955,0.616562,0.013585
475,0.203274,0.625103,0.024265
476,0.213176,0.618603,0.014363
477,0.214917,0.625442,0.012622
478,0.208913,0.624389,0.018627
479,0.214788,0.622357,0.012751
480,0.211889,0.618617,0.015650
481,0.192252,0.621049,0.035288
482,0.211481,0.622295,0.016059
483,0.210810,0.622119,0.016730
484,0.216190,0.618043,0.011350
485,0.204050,0.619545,0.023489
486,0.212222,0.622446,0.015317
487,0.208556,0.620998,0.018984
488,0.214064,0.621718,0.013476
489,0.208815,0.621590,0.018724
490,0.207579,0.619823,0.019960
491,0.199221,0.621112,0.028319
492,0.213455,0.619028,0.014084
493,0.206823,0.619805,0.020716
494,0.209381,0.620437,0.018159
495,0.215610,0.622054,0.011930
496,0.213166,0.622875,0.014374
497,0.211223,0.620296,0.016316
498,0.208828,0.617516,0.018711
499,0.213211,0.622272,0.014328
500,0.214104,0.621030,0.013435
501,0.213405,0.616295,0.014135
502,0.211328,0.620422,0.016211
503,0.209389,0.622718,0.018150
504,0.213026,0.621274,0.014513
505,0.209969,0.618714,0.017571
506,0.209339,0.620782,0.018200
507,0.214898,0.621607,0.012642
508,0.216123,0.618506,0.011416
509,0.206596,0.617118,0.020943
510,0.208079,0.620043,0.019460
511,0.206481,0.618117,0.021059
512,0.207914,0.623929,0.019625
513,0.208243,0.618996,0.019297
514,0.212062,0.618691,0.015477
515,0.210297,0.619308,0.017242
516,0.210428,0.624235,0.017111
517,0.210625,0.620110,0.016915
518,0.208948,0.619310,0.018591
519,0.206874,0.616287,0.020665
520,0.212184,0.624136,0.015356
521,0.212112,0.621063,0.015427
522,0.212443,0.619260,0.015097
523,0.211801,0.620629,0.015739
524,0.204729,0.618116,0.022810
525,0.211019,0.620140,0.016520
526,0.216041,0.620840,0.011498
527,0.211635,0.620072,0.015904
528,0.209327,0.625079,0.018213
529,0.208656,0.621549,0.018883
530,0.215036,0.621608,0.012503
531,0.211692,0.618186,0.015847
532,0.215713,0.621312,0.011826
533,0.214135,0.618635,0.013405
534,0.214393,0.618615,0.013147
535,0.204847,0.626179,0.022693
536,0.208313,0.621539,0.019226
537,0.213970,0.622258,0.013569
538,0.214332,0.620705,0.013208
539,0.211037,0.621896,0.016502
540,0.210771,0.621353,0.016769
541,0.213489,0.621046,0.014050
542,0.213730,0.621178,0.013809
543,0.214625,0.622053,0.012914
544,0.213972,0.620908,0.013567
545,0.211491,0.620253,0.016048
546,0.201519,0.621804,0.026020
547,0.214612,0.618246,0.012928
548,0.211272,0.626295,0.016268
549,0.209628,0.623479,0.017912
550,0.211394,0.621959,0.016146
551,0.208003,0.616729,0.019536
552,0.208917,0.617966,0.018622
553,0.210803,0.620260,0.016737
554,0.210338,0.619612,0.017202
555,0.208028,0.621728,0.019511
556,0.204676,0.624120,0.022864
557,0.211858,0.619467,0.015682
558,0.206853,0.613003,0.020686
559,0.208948,0.622306,0.018592
560,0.210550,0.617764,0.016990
561,0.210081,0.617994,0.017458
562,0.208597,0.617948,0.018942
563,0.207058,0.613638,0.020482
564,0.211726,0.623338,0.015814
565,0.210574,0.625694,0.016966
566,0.203937,0.621219,0.023602
567,0.207563,0.626312,0.019977
568,0.212924,0.617490,0.014615
569,0.217697,0.625291,0.009843
570,0.212844,0.616124,0.014695
571,0.210945,0.618663,0.016594
572,0.212107,0.623926,0.015433
573,0.199776,0.618293,0.027763
574,0.214086,0.621115,0.013454
575,0.216813,0.618475,0.010726
576,0.207333,0.621065,0.020207
577,0.208315,0.616069,0.019225
578,0.208821,0.616984,0.018718
579,0.212423,0.620489,0.015116
580,0.214341,0.624921,0.013199
581,0.207960,0.624578,0.019580
582,0.208430,0.621383,0.019109
583,0.210087,0.620140,0.017452
584,0.210031,0.617705,0.017509
585,0.211492,0.618757,0.016048
586,0.209612,0.618294,0.017927
587,0.216132,0.617747,0.011407
588,0.208986,0.618401,0.018553
589,0.209844,0.621227,0.017696
590,0.206927,0.623610,0.020613
591,0.215405,0.624581,0.012135
592,0.212526,0.618830,0.015013
593,0.212640,0.620367,0.014899
594,0.212602,0.622823,0.014937
595,0.212291,0.622727,0.015249
596,0.213494,0.619734,0.014046
597,0.207530,0.612092,0.020009
598,0.209679,0.620454,0.017860
599,0.213513,0.617254,0.014027
600,0.217125,0.618374,0.010415
601,0.206280,0.621474,0.021259
602,0.207580,0.620325,0.019959
603,0.209580,0.624713,0.017960
604,0.207137,0.623845,0.020402
605,0.209632,0.617991,0.017908
606,0.211538,0.616097,0.016001
607,0.213186,0.624874,0.014354
608,0.212298,0.620499,0.015241
609,0.209611,0.619229,0.017928
610,0.208865,0.622004,0.018674
611,0.215595,0.622619,0.011944
612,0.212207,0.615670,0.015332
613,0.212321,0.622135,0.015218
614,0.214882,0.620476,0.012657
615,0.208844,0.623394,0.018695
616,0.205251,0.620070,0.022289
617,0.212341,0.620778,0.015199
618,0.206504,0.621298,0.021035
619,0.216170,0.624296,0.011370
620,0.209296,0.621483,0.018243
621,0.209306,0.617269,0.018234
622,0.212211,0.617829,0.015328
623,0.208924,0.617173,0.018615
624,0.207630,0.614961,0.019909
625,0.206741,0.623103,0.020799
626,0.213481,0.621332,0.014058
627,0.209126,0.620508,0.018413
628,0.209725,0.620431,0.017814
629,0.209364,0.616195,0.018175
630,0.211687,0.619626,0.015853
631,0.208894,0.620562,0.018645
632,0.210536,0.624547,0.017003
633,0.204786,0.615461,0.022754
634,0.212861,0.619284,0.014678
635,0.201866,0.626000,0.025673
636,0.208360,0.621660,0.019180
637,0.215811,0.624946,0.011729
638,0.212147,0.618165,0.015393
639,0.213535,0.620397,0.014004
640,0.210640,0.622426,0.016899
641,0.213375,0.625533,0.014165
642,0.212032,0.621850,0.015507
643,0.208789,0.619023,0.018751
644,0.207984,0.622735,0.019555
645,0.207922,0.625284,0.019618
646,0.213134,0.623018,0.014405
647,0.214862,0.622413,0.012677
648,0.211623,0.621678,0.015916
649,0.209481,0.618953,0.018059
650,0.211509,0.618577,0.016031
651,0.212424,0.622637,0.015115
652,0.210467,0.621098,0.017072
653,0.202707,0.620310,0.024833
654,0.211084,0.621853,0.016456
655,0.214648,0.622199,0.012891
656,0.206217,0.622703,0.021323
657,0.209834,0.624123,0.017706
658,0.209112,0.618795,0.018428
659,0.213060,0.622943,0.014479
660,0.213224,0.619752,0.014315
661,0.211945,0.619196,0.015594
662,0.214253,0.622155,0.013286
663,0.207297,0.620073,0.020242
664,0.214407,0.621012,0.013132
665,0.213790,0.618806,0.013749
666,0.211558,0.620065,0.015981
667,0.208263,0.620737,0.019277
668,0.215896,0.621596,0.011643
669,0.211846,0.625750,0.015693
670,0.216625,0.622361,0.010915
671,0.209138,0.622643,0.018401
672,0.211501,0.621344,0.016038
673,0.213741,0.620477,0.013798
674,0.210458,0.622742,0.017082
675,0.213069,0.620335,0.014471
676,0.212638,0.625084,0.014902
677,0.212381,0.625276,0.015159
678,0.208229,0.618749,0.019310
679,0.208167,0.621024,0.019372
680,0.212132,0.622924,0.015408
681,0.211107,0.618507,0.016433
682,0.210115,0.619278,0.017425
683,0.211819,0.615317,0.015720
684,0.209373,0.619250,0.018166
685,0.209586,0.614334,0.017954
686,0.216268,0.623057,0.011272
687,0.210343,0.624728,0.017197
688,0.214679,0.621275,0.012861
689,0.212674,0.620645,0.014865
690,0.213708,0.617457,0.013831
691,0.209510,0.621882,0.018029
692,0.208660,0.619711,0.018880
693,0.214803,0.621751,0.012736
694,0.203648,0.619087,0.023891
695,0.212395,0.621647,0.015145
696,0.212967,0.619818,0.014572
697,0.216343,0.623013,0.011197
698,0.191722,0.618714,0.035817
699,0.213668,0.620586,0.013871
700,0.212047,0.624779,0.015493
701,0.211695,0.617983,0.015845
702,0.213534,0.621955,0.014005
703,0.214006,0.618900,0.013534
704,0.211710,0.625155,0.015830
705,0.214363,0.616009,0.013177
706,0.200046,0.619758,0.027493
707,0.209555,0.616731,0.017985
708,0.209074,0.616490,0.018465
709,0.207148,0.621928,0.020391
710,0.208579,0.624094,0.018961
711,0.213108,0.619564,0.014432
712,0.211557,0.622180,0.015982
713,0.208797,0.620553,0.018743
714,0.211912,0.615710,0.015627
715,0.204573,0.621025,0.022967
716,0.209246,0.620681,0.018294
717,0.215476,0.617891,0.012064
718,0.213119,0.620024,0.014421
719,0.210231,0.624714,0.017309
720,0.214237,0.624770,0.013303
721,0.210851,0.620445,0.016688
722,0.212195,0.622261,0.015345
723,0.210139,0.621915,0.017401
724,0.211148,0.617891,0.016391
725,0.209943,0.622287,0.017597
726,0.215704,0.621177,0.011835
727,0.212958,0.615538,0.014581
728,0.209932,0.615388,0.017607
729,0.211739,0.621163,0.015800
730,0.210512,0.619540,0.017027
731,0.212955,0.620117,0.014584
732,0.208894,0.621299,0.018646
733,0.207909,0.615629,0.019631
734,0.209393,0.623592,0.018147
735,0.211303,0.622011,0.016236
736,0.205670,0.616144,0.021869
737,0.211347,0.623682,0.016192
738,0.211699,0.623245,0.015841
739,0.208997,0.618278,0.018542
740,0.213149,0.617762,0.014390
741,0.212467,0.620839,0.015072
742,0.210615,0.617945,0.016925
743,0.210058,0.620331,0.017481
744,0.214672,0.619770,0.012867
745,0.211889,0.618259,0.015650
746,0.213357,0.624109,0.014182
747,0.208474,0.618248,0.019066
748,0.213758,0.623261,0.013782
749,0.215739,0.623020,0.011800
750,0.208060,0.620963,0.019479
751,0.208213,0.623190,0.019327
752,0.211410,0.622050,0.016130
753,0.211664,0.620875,0.015876
754,0.207717,0.621515,0.019823
755,0.207868,0.618100,0.019672
756,0.211142,0.617648,0.016397
757,0.204043,0.617534,0.023497
758,0.211362,0.620759,0.016177
759,0.208447,0.624818,0.019092
760,0.205522,0.617780,0.022017
761,0.211522,0.624214,0.016017
762,0.215903,0.619498,0.011637
763,0.208174,0.620034,0.019365
764,0.211185,0.621063,0.016354
765,0.215268,0.619879,0.012272
766,0.210230,0.619437,0.017309
767,0.211070,0.616158,0.016469
768,0.209372,0.617037,0.018168
769,0.209403,0.616475,0.018137
770,0.204749,0.618052,0.022790
771,0.211103,0.620855,0.016437
772,0.210004,0.617923,0.017536
773,0.209304,0.618159,0.018236
774,0.201067,0.620647,0.026473
775,0.209465,0.622139,0.018074
776,0.211901,0.621747,0.015639
777,0.213170,0.624836,0.014370
778,0.212210,0.621624,0.015329
779,0.208214,0.619258,0.019326
780,0.207960,0.619714,0.019579
781,0.203312,0.613918,0.024227
782,0.210725,0.615291,0.016814
783,0.212873,0.622301,0.014666
784,0.207228,0.622383,0.020312
785,0.213151,0.617549,0.014388
786,0.215409,0.621877,0.012131
787,0.203225,0.621037,0.024314
788,0.210456,0.618062,0.017084
789,0.211853,0.621605,0.015686
790,0.210466,0.623819,0.017074
791,0.200282,0.624980,0.027258
792,0.209915,0.619986,0.017625
793,0.211124,0.620632,0.016416
794,0.213956,0.620225,0.013584
795,0.209296,0.624148,0.018243
796,0.211968,0.617206,0.015571
797,0.213928,0.619964,0.013611
798,0.213227,0.621078,0.014312
799,0.213063,0.621202,0.014476
800,0.210001,0.622362,0.017539
801,0.211267,0.622040,0.016272
802,0.209986,0.620708,0.017554
803,0.212668,0.620431,0.014871
804,0.203887,0.624173,0.023652
805,0.202378,0.622841,0.025161
806,0.212962,0.613473,0.014577
807,0.213559,0.616785,0.013980
808,0.217791,0.621893,0.009748
809,0.208245,0.623122,0.019294
810,0.215426,0.619318,0.012114
811,0.212264,0.619024,0.015275
812,0.209021,0.618237,0.018519
813,0.216227,0.624035,0.011312
814,0.206665,0.621194,0.020874
815,0.207669,0.622309,0.019870
816,0.214327,0.625289,0.013212
817,0.210099,0.622726,0.017440
818,0.207662,0.625867,0.019877
819,0.209780,0.619538,0.017760
820,0.208379,0.619836,0.019160
821,0.213783,0.619715,0.013756
822,0.211576,0.623394,0.015963
823,0.208631,0.621607,0.018908
824,0.209618,0.616179,0.017921
825,0.212128,0.618912,0.015411
826,0.208157,0.623601,0.019383
827,0.209641,0.621562,0.017898
828,0.213363,0.624827,0.014176
829,0.211769,0.623869,0.015770
830,0.203685,0.611622,0.023855
831,0.212742,0.618528,0.014797
832,0.208975,0.620905,0.018564
833,0.204268,0.616992,0.023272
834,0.214026,0.622439,0.013513
835,0.212582,0.620137,0.014958
836,0.210402,0.620997,0.017138
837,0.213094,0.623575,0.014446
838,0.208034,0.620456,0.019506
839,0.212906,0.618024,0.014633
840,0.213832,0.622553,0.013707
841,0.213709,0.622867,0.013830
842,0.213596,0.622403,0.013944
843,0.210454,0.616862,0.017085
844,0.210930,0.621178,0.016609
845,0.210526,0.620299,0.017013
846,0.204931,0.621655,0.022609
847,0.210229,0.622237,0.017310
848,0.214915,0.622590,0.012624
849,0.207514,0.618033,0.020025
850,0.212949,0.618264,0.014590
851,0.205327,0.620274,0.022212
852,0.205902,0.619010,0.021637
853,0.211756,0.620583,0.015783
854,0.212613,0.621064,0.014926
855,0.213914,0.621801,0.013625
856,0.212476,0.620572,0.015063
857,0.205560,0.621808,0.021980
858,0.210033,0.618429,0.017506
859,0.212035,0.619257,0.015505
860,0.202457,0.617661,0.025082
861,0.213529,0.621876,0.014011
862,0.211413,0.617543,0.016126
863,0.211395,0.619270,0.016145
864,0.210379,0.621165,0.017161
865,0.214816,0.620643,0.012723
866,0.209818,0.621277,0.017722
867,0.209136,0.617650,0.018404
868,0.210288,0.621692,0.017251
869,0.206304,0.623660,0.021236
870,0.210876,0.624717,0.016663
871,0.211658,0.619314,0.015881
872,0.212535,0.620509,0.015004
873,0.210214,0.621120,0.017325
874,0.210312,0.620373,0.017227
875,0.212456,0.618030,0.015084
876,0.210100,0.623646,0.017439
877,0.213042,0.619694,0.014498
878,0.208875,0.623485,0.018664
879,0.207838,0.619621,0.019701
880,0.209315,0.618331,0.018225
881,0.211719,0.619635,0.015820
882,0.207974,0.616899,0.019565
883,0.210227,0.622820,0.017312
884,0.201769,0.619169,0.025771
885,0.211186,0.619611,0.016353
886,0.214430,0.619482,0.013109
887,0.214917,0.622846,0.012622
888,0.211178,0.619495,0.016361
889,0.208807,0.618561,0.018732
890,0.208965,0.623636,0.018574
891,0.204376,0.618142,0.023163
892,0.205363,0.621383,0.022177
893,0.213544,0.625506,0.013995
894,0.210655,0.620491,0.016885
895,0.199657,0.625864,0.027882
896,0.214933,0.618500,0.012606
897,0.209255,0.622889,0.018284
898,0.212834,0.616967,0.014706
899,0.204247,0.624553,0.023292
900,0.211229,0.623065,0.016311
901,0.212321,0.621892,0.015218
902,0.212405,0.613550,0.015134
903,0.213117,0.619859,0.014422
904,0.215303,0.620912,0.012237
905,0.210510,0.616894,0.017029
906,0.212751,0.621375,0.014789
907,0.211558,0.625078,0.015981
908,0.210556,0.622176,0.016984
909,0.211816,0.617794,0.015724
910,0.206599,0.621960,0.020941
911,0.209202,0.620341,0.018337
912,0.209545,0.622251,0.017995
913,0.207725,0.620559,0.019815
914,0.207365,0.621442,0.020174
915,0.211402,0.623851,0.016137
916,0.211467,0.620953,0.016073
917,0.209058,0.624018,0.018481
918,0.207070,0.620292,0.020469
919,0.209249,0.616006,0.018291
920,0.208521,0.618435,0.019018
921,0.209942,0.619334,0.017598
922,0.205941,0.624542,0.021599
923,0.210749,0.615748,0.016790
924,0.211882,0.622029,0.015657
925,0.210227,0.620851,0.017313
926,0.211230,0.622705,0.016310
927,0.215009,0.621757,0.012530
928,0.208143,0.620814,0.019396
929,0.215089,0.623923,0.012450
930,0.208353,0.618071,0.019186
931,0.209186,0.619939,0.018354
932,0.208695,0.620706,0.018844
933,0.212769,0.616817,0.014770
934,0.208397,0.618264,0.019142
935,0.213770,0.620190,0.013770
936,0.211172,0.623217,0.016368
937,0.209270,0.617550,0.018270
938,0.211452,0.618339,0.016087
939,0.210914,0.619698,0.016626
940,0.207715,0.623502,0.019825
941,0.213311,0.616485,0.014228
942,0.203396,0.617200,0.024143
943,0.211664,0.625047,0.015875
944,0.210861,0.622686,0.016678
945,0.207807,0.624674,0.019732
946,0.210159,0.619236,0.017380
947,0.210355,0.620161,0.017185
948,0.200984,0.620980,0.026555
949,0.209263,0.620322,0.018277
950,0.213464,0.623104,0.014076
951,0.208032,0.616446,0.019507
952,0.205854,0.626827,0.021685
953,0.211903,0.621839,0.015637
954,0.214602,0.617524,0.012937
955,0.212334,0.619051,0.015205
956,0.209215,0.617474,0.018325
957,0.212290,0.620283,0.015250
958,0.206069,0.625138,0.021470
959,0.210282,0.616296,0.017257
960,0.209096,0.617694,0.018443
961,0.208904,0.620450,0.018636
962,0.209600,0.616269,0.017940
963,0.213084,0.619883,0.014456
964,0.207854,0.619472,0.019685
965,0.213762,0.621121,0.013778
966,0.209324,0.622779,0.018216
967,0.207831,0.620885,0.019708
968,0.206130,0.621635,0.021409
969,0.212821,0.618830,0.014718
970,0.210097,0.621091,0.017442
971,0.217327,0.615535,0.010212
972,0.207286,0.624005,0.020253
973,0.204793,0.620378,0.022747
974,0.206677,0.620363,0.020863
975,0.208484,0.618365,0.019056
976,0.211616,0.618629,0.015924
977,0.214699,0.620637,0.012841
978,0.211714,0.622869,0.015826
979,0.211403,0.619624,0.016136
980,0.210757,0.619455,0.016783
981,0.215184,0.616354,0.012356
982,0.214848,0.621539,0.012691
983,0.215255,0.621662,0.012285
984,0.213968,0.620737,0.013571
985,0.212153,0.618857,0.015387
986,0.211623,0.620643,0.015917
987,0.212433,0.621620,0.015107
988,0.210002,0.618427,0.017537
989,0.209554,0.619403,0.017985
990,0.213391,0.620254,0.014149
991,0.215805,0.623967,0.011734
992,0.212889,0.620320,0.014651
993,0.213656,0.620524,0.013883
994,0.209682,0.622135,0.017857
995,0.210651,0.617815,0.016889
996,0.209283,0.621767,0.018257
997,0.208898,0.622527,0.018642
998,0.208230,0.625234,0.019310
999,0.214881,0.625788,0.012658
